"Id","Date","TotalSleepRecords","TotalMinutesAsleep","TotalMinutesInBed"
1503960366,2016-03-13,1,426,426
1503960366,2016-03-14,1,381,386
1503960366,2016-03-15,1,328,335
1503960366,2016-03-16,2,361,366
1503960366,2016-03-17,1,436,437
1503960366,2016-03-18,1,405,411
1503960366,2016-03-19,1,467,468
1503960366,2016-03-20,1,476,476
1503960366,2016-03-21,1,420,427
1503960366,2016-03-23,1,294,297
1503960366,2016-03-24,1,340,344
1503960366,2016-03-25,1,383,386
1503960366,2016-03-26,2,468,472
1503960366,2016-03-27,3,502,506
1503960366,2016-03-28,1,77,77
1503960366,2016-03-29,1,374,378
1503960366,2016-03-31,1,335,336
1503960366,2016-04-01,1,302,306
1503960366,2016-04-02,1,497,509
1503960366,2016-04-03,1,419,426
1503960366,2016-04-04,1,325,337
1503960366,2016-04-05,1,304,309
1503960366,2016-04-09,1,404,407
1503960366,2016-04-10,1,476,478
1503960366,2016-04-11,1,326,329
1503960366,2016-04-12,1,340,346
1503960366,2016-04-13,2,395,407
1503960366,2016-04-15,1,434,442
1503960366,2016-04-16,3,392,400
1503960366,2016-04-17,1,679,679
1503960366,2016-04-19,1,320,320
1503960366,2016-04-20,1,374,377
1503960366,2016-04-21,1,361,364
1503960366,2016-04-23,1,383,384
1503960366,2016-04-24,1,449,449
1503960366,2016-04-25,1,317,323
1503960366,2016-04-26,1,271,274
1503960366,2016-04-28,1,392,393
1503960366,2016-04-29,1,354,354
1503960366,2016-04-30,1,424,425
1503960366,2016-05-01,1,391,396
1503960366,2016-05-02,1,303,309
1503960366,2016-05-03,1,293,296
1503960366,2016-05-05,1,263,264
1503960366,2016-05-06,1,365,367
1503960366,2016-05-07,1,347,349
1503960366,2016-05-08,1,610,611
1503960366,2016-05-09,1,342,342
1503960366,2016-05-10,1,402,403
1503960366,2016-05-11,1,306,306
1644430081,2016-03-27,1,474,495
1644430081,2016-03-28,1,466,466
1644430081,2016-03-29,1,92,121
1644430081,2016-03-30,1,781,840
1644430081,2016-04-29,1,127,127
1644430081,2016-04-30,1,139,142
1644430081,2016-05-01,1,230,359
1644430081,2016-05-02,1,602,602
1644430081,2016-05-08,1,151,154
1844505072,2016-04-03,1,169,190
1844505072,2016-04-04,1,771,771
1844505072,2016-04-09,1,527,636
1844505072,2016-04-10,1,315,325
1844505072,2016-04-14,1,172,224
1844505072,2016-04-15,1,701,737
1844505072,2016-04-29,1,83,111
1844505072,2016-04-30,2,928,1038
1844505072,2016-05-01,1,696,773
1927972279,2016-03-11,1,35,36
1927972279,2016-03-12,3,626,628
1927972279,2016-03-13,3,513,516
1927972279,2016-03-14,2,178,179
1927972279,2016-03-15,1,68,68
1927972279,2016-03-16,3,640,645
1927972279,2016-03-17,1,6,6
1927972279,2016-03-18,3,545,553
1927972279,2016-03-19,3,609,611
1927972279,2016-03-20,3,571,576
1927972279,2016-03-21,1,352,352
1927972279,2016-03-22,1,390,394
1927972279,2016-03-23,2,470,474
1927972279,2016-03-24,2,436,437
1927972279,2016-03-25,1,63,63
1927972279,2016-03-26,1,406,406
1927972279,2016-03-27,1,119,120
1927972279,2016-03-28,2,230,230
1927972279,2016-03-29,2,586,588
1927972279,2016-03-30,2,404,404
1927972279,2016-03-31,3,516,520
1927972279,2016-04-01,1,383,383
1927972279,2016-04-02,1,308,315
1927972279,2016-04-03,1,110,111
1927972279,2016-04-04,2,483,483
1927972279,2016-04-05,1,416,420
1927972279,2016-04-06,1,428,429
1927972279,2016-04-09,1,46,47
1927972279,2016-04-10,3,493,496
1927972279,2016-04-11,2,644,649
1927972279,2016-04-12,3,1148,1149
1927972279,2016-04-13,1,415,422
1927972279,2016-04-14,1,51,51
1927972279,2016-04-15,2,448,448
1927972279,2016-04-25,1,125,125
1927972279,2016-04-26,1,190,190
1927972279,2016-04-28,1,178,178
2022484408,2016-03-13,1,144,144
2026352035,2016-03-11,1,147,149
2026352035,2016-03-12,2,566,572
2026352035,2016-03-13,2,669,671
2026352035,2016-03-14,2,538,538
2026352035,2016-03-15,2,432,436
2026352035,2016-03-16,1,160,163
2026352035,2016-03-17,2,506,510
2026352035,2016-03-18,2,607,611
2026352035,2016-03-19,2,544,550
2026352035,2016-03-20,2,580,588
2026352035,2016-03-21,2,598,604
2026352035,2016-03-22,2,541,545
2026352035,2016-03-23,2,600,600
2026352035,2016-03-24,2,562,567
2026352035,2016-03-25,2,521,526
2026352035,2016-03-26,2,620,621
2026352035,2016-03-27,2,578,581
2026352035,2016-03-28,2,538,539
2026352035,2016-03-29,2,513,521
2026352035,2016-03-30,2,517,520
2026352035,2016-03-31,2,554,555
2026352035,2016-04-01,2,543,544
2026352035,2016-04-02,2,567,575
2026352035,2016-04-03,2,594,605
2026352035,2016-04-04,2,529,533
2026352035,2016-04-05,2,564,571
2026352035,2016-04-06,2,513,517
2026352035,2016-04-07,2,589,597
2026352035,2016-04-08,2,544,548
2026352035,2016-04-09,2,550,555
2026352035,2016-04-10,2,556,556
2026352035,2016-04-11,2,772,774
2026352035,2016-04-12,2,891,896
2026352035,2016-04-13,2,535,539
2026352035,2016-04-14,2,585,590
2026352035,2016-04-15,2,558,565
2026352035,2016-04-16,2,557,562
2026352035,2016-04-17,1,327,327
2026352035,2016-04-18,1,192,196
2026352035,2016-04-19,2,510,514
2026352035,2016-04-20,2,490,490
2026352035,2016-04-21,2,538,538
2026352035,2016-04-22,2,560,566
2026352035,2016-04-23,2,546,550
2026352035,2016-04-24,2,567,572
2026352035,2016-04-25,1,359,359
2026352035,2016-04-26,1,134,134
2026352035,2016-04-27,2,563,568
2026352035,2016-04-28,2,479,483
2026352035,2016-04-29,2,591,596
2026352035,2016-04-30,2,609,613
2026352035,2016-05-01,2,529,533
2026352035,2016-05-02,1,369,369
2026352035,2016-05-03,1,154,155
2026352035,2016-05-04,2,564,564
2026352035,2016-05-05,2,485,486
2026352035,2016-05-06,2,545,546
2026352035,2016-05-07,2,542,545
2026352035,2016-05-08,2,570,572
2026352035,2016-05-09,2,492,496
2026352035,2016-05-10,2,419,421
2026352035,2016-05-11,2,537,541
2026352035,2016-05-12,1,330,330
2320127002,2016-04-23,1,65,69
2347167796,2016-03-11,1,15,17
2347167796,2016-03-12,2,491,499
2347167796,2016-03-13,2,614,620
2347167796,2016-03-14,2,462,468
2347167796,2016-03-15,2,558,565
2347167796,2016-03-16,3,468,475
2347167796,2016-03-17,1,410,413
2347167796,2016-03-18,2,491,536
2347167796,2016-03-19,2,258,261
2347167796,2016-03-20,2,575,585
2347167796,2016-03-21,2,478,484
2347167796,2016-03-22,2,516,523
2347167796,2016-03-23,2,485,493
2347167796,2016-03-24,2,484,491
2347167796,2016-03-25,1,350,350
2347167796,2016-03-27,1,142,144
2347167796,2016-03-28,2,555,560
2347167796,2016-03-29,2,467,472
2347167796,2016-03-30,2,507,514
2347167796,2016-03-31,2,571,577
2347167796,2016-04-01,1,389,391
2347167796,2016-04-02,2,453,463
2347167796,2016-04-03,2,610,625
2347167796,2016-04-04,2,519,525
2347167796,2016-04-05,2,439,448
2347167796,2016-04-06,1,420,425
2347167796,2016-04-07,1,72,76
2347167796,2016-04-08,1,405,405
2347167796,2016-04-09,1,20,21
2347167796,2016-04-10,2,649,659
2347167796,2016-04-11,1,396,399
2347167796,2016-04-12,1,113,115
2347167796,2016-04-13,2,516,518
2347167796,2016-04-14,2,477,480
2347167796,2016-04-15,1,408,411
2347167796,2016-04-16,1,66,66
2347167796,2016-04-17,2,670,675
2347167796,2016-04-18,2,523,529
2347167796,2016-04-19,1,400,403
2347167796,2016-04-20,1,106,106
2347167796,2016-04-21,2,418,422
2347167796,2016-04-22,1,414,417
2347167796,2016-04-23,2,422,422
2347167796,2016-04-24,2,496,496
2347167796,2016-04-25,2,481,484
2347167796,2016-04-26,2,477,480
2347167796,2016-04-27,2,481,487
2347167796,2016-04-28,2,446,447
2347167796,2016-04-29,1,410,412
3977333714,2016-03-13,1,470,475
3977333714,2016-03-14,2,420,421
3977333714,2016-03-15,2,387,387
3977333714,2016-03-16,2,320,321
3977333714,2016-03-17,1,477,481
3977333714,2016-04-01,1,428,430
3977333714,2016-04-02,1,288,290
3977333714,2016-04-03,1,351,359
3977333714,2016-04-04,1,373,374
3977333714,2016-04-05,1,484,486
3977333714,2016-04-06,1,426,426
3977333714,2016-04-07,1,396,405
3977333714,2016-04-08,1,478,480
3977333714,2016-04-09,1,414,418
3977333714,2016-04-10,1,452,452
3977333714,2016-04-11,1,408,415
3977333714,2016-04-12,1,456,469
3977333714,2016-04-13,2,450,456
3977333714,2016-04-14,1,392,397
3977333714,2016-04-15,1,554,556
3977333714,2016-04-16,1,510,510
3977333714,2016-04-17,1,562,566
3977333714,2016-04-18,2,519,522
3977333714,2016-04-19,1,391,395
3977333714,2016-04-20,3,324,331
3977333714,2016-04-21,1,482,486
3977333714,2016-04-22,1,475,476
3977333714,2016-04-23,1,371,372
3977333714,2016-04-24,1,524,526
3977333714,2016-04-25,1,463,467
3977333714,2016-04-26,1,369,371
3977333714,2016-04-27,1,535,540
3977333714,2016-04-28,1,416,423
3977333714,2016-04-29,1,478,478
3977333714,2016-04-30,2,460,464
3977333714,2016-05-01,1,538,544
3977333714,2016-05-02,1,376,384
3977333714,2016-05-03,1,492,500
3977333714,2016-05-04,1,333,336
3977333714,2016-05-05,1,478,480
3977333714,2016-05-06,1,506,512
3977333714,2016-05-07,1,442,443
3977333714,2016-05-08,2,456,456
3977333714,2016-05-10,1,447,452
4020332650,2016-03-12,2,419,429
4020332650,2016-03-13,2,525,533
4020332650,2016-03-14,1,289,290
4020332650,2016-03-15,1,336,341
4020332650,2016-03-16,1,488,493
4020332650,2016-03-17,1,405,407
4020332650,2016-03-30,2,385,387
4020332650,2016-03-31,1,264,268
4020332650,2016-04-01,3,447,450
4020332650,2016-04-02,2,507,508
4020332650,2016-04-03,2,392,399
4020332650,2016-04-04,1,475,478
4020332650,2016-04-06,1,250,257
4020332650,2016-04-10,1,74,74
4020332650,2016-04-11,3,590,601
4020332650,2016-04-12,1,377,378
4020332650,2016-04-16,1,77,77
4020332650,2016-05-02,1,43,48
4020332650,2016-05-03,2,315,316
4020332650,2016-05-04,1,474,504
4020332650,2016-05-05,1,244,248
4020332650,2016-05-06,1,402,408
4020332650,2016-05-08,1,384,402
4020332650,2016-05-09,1,30,34
4020332650,2016-05-10,1,446,460
4319703577,2016-03-11,1,83,90
4319703577,2016-03-12,2,514,517
4319703577,2016-03-13,1,376,376
4319703577,2016-03-14,1,98,100
4319703577,2016-03-15,2,489,490
4319703577,2016-03-16,2,529,531
4319703577,2016-03-17,2,529,529
4319703577,2016-03-18,2,502,503
4319703577,2016-03-19,2,498,505
4319703577,2016-03-20,2,479,488
4319703577,2016-03-21,1,462,466
4319703577,2016-03-22,1,64,64
4319703577,2016-03-23,2,509,510
4319703577,2016-03-24,2,428,429
4319703577,2016-03-25,2,554,558
4319703577,2016-03-26,1,516,517
4319703577,2016-03-27,2,605,613
4319703577,2016-03-28,2,522,525
4319703577,2016-03-29,3,537,547
4319703577,2016-03-30,1,476,478
4319703577,2016-03-31,1,46,47
4319703577,2016-04-01,3,484,484
4319703577,2016-04-02,2,543,543
4319703577,2016-04-03,2,583,583
4319703577,2016-04-04,2,498,505
4319703577,2016-04-05,2,536,544
4319703577,2016-04-06,3,946,959
4319703577,2016-04-07,1,450,450
4319703577,2016-04-13,1,86,87
4319703577,2016-04-14,2,501,502
4319703577,2016-04-15,1,458,459
4319703577,2016-04-16,1,521,522
4319703577,2016-04-17,1,66,74
4319703577,2016-04-18,2,541,548
4319703577,2016-04-19,3,513,525
4319703577,2016-04-20,1,445,445
4319703577,2016-04-21,2,138,141
4319703577,2016-04-22,2,534,535
4319703577,2016-04-23,1,658,661
4319703577,2016-04-24,2,546,551
4319703577,2016-04-25,2,496,498
4319703577,2016-04-26,1,474,474
4319703577,2016-04-27,2,406,407
4319703577,2016-04-28,2,501,508
4319703577,2016-04-29,2,495,502
4319703577,2016-04-30,2,501,505
4319703577,2016-05-01,2,536,537
4319703577,2016-05-02,2,498,500
4319703577,2016-05-03,1,449,450
4319703577,2016-05-05,1,90,94
4319703577,2016-05-06,2,412,417
4319703577,2016-05-07,2,542,544
4319703577,2016-05-08,2,682,683
4319703577,2016-05-09,2,555,559
4319703577,2016-05-10,2,541,541
4319703577,2016-05-11,2,534,534
4319703577,2016-05-12,1,247,248
4388161847,2016-04-14,1,222,231
4388161847,2016-04-15,2,302,304
4388161847,2016-04-16,3,560,563
4388161847,2016-04-17,2,516,517
4388161847,2016-04-18,2,145,149
4388161847,2016-04-19,2,447,451
4388161847,2016-04-20,2,455,455
4388161847,2016-04-21,1,296,296
4388161847,2016-04-22,2,170,173
4388161847,2016-04-23,1,412,413
4388161847,2016-04-24,3,588,595
4388161847,2016-04-25,1,43,43
4388161847,2016-04-26,2,506,506
4388161847,2016-04-27,2,449,455
4388161847,2016-04-28,1,300,300
4388161847,2016-04-30,3,546,546
4388161847,2016-05-01,2,580,593
4388161847,2016-05-02,2,264,264
4388161847,2016-05-03,1,114,114
4388161847,2016-05-04,2,494,501
4388161847,2016-05-05,1,292,294
4388161847,2016-05-07,1,496,496
4388161847,2016-05-08,2,539,541
4388161847,2016-05-09,2,135,137
4388161847,2016-05-10,2,495,498
4388161847,2016-05-11,1,299,299
4445114986,2016-03-12,2,375,381
4445114986,2016-03-13,1,353,353
4445114986,2016-03-15,2,548,560
4445114986,2016-03-16,3,409,418
4445114986,2016-03-17,1,231,231
4445114986,2016-03-19,1,153,156
4445114986,2016-03-20,2,549,552
4445114986,2016-03-21,1,205,209
4445114986,2016-03-22,2,355,360
4445114986,2016-03-24,2,402,405
4445114986,2016-03-25,2,336,344
4445114986,2016-03-26,1,166,166
4445114986,2016-03-27,1,325,325
4445114986,2016-03-28,2,370,376
4445114986,2016-03-29,2,466,478
4445114986,2016-03-31,2,409,416
4445114986,2016-04-01,1,334,337
4445114986,2016-04-02,1,493,495
4445114986,2016-04-05,1,489,496
4445114986,2016-04-06,1,447,450
4445114986,2016-04-07,1,265,268
4445114986,2016-04-08,2,229,233
4445114986,2016-04-09,3,438,443
4445114986,2016-04-10,2,364,369
4445114986,2016-04-11,2,423,428
4445114986,2016-04-12,2,777,789
4445114986,2016-04-13,2,399,406
4445114986,2016-04-14,1,489,492
4445114986,2016-04-15,2,368,379
4445114986,2016-04-16,1,491,499
4445114986,2016-04-17,1,104,107
4445114986,2016-04-19,2,417,424
4445114986,2016-04-20,1,459,462
4445114986,2016-04-21,1,464,469
4445114986,2016-04-22,1,409,417
4445114986,2016-04-25,1,338,345
4445114986,2016-04-26,2,385,391
4445114986,2016-04-27,1,369,374
4445114986,2016-04-28,1,436,442
4445114986,2016-04-29,1,108,108
4445114986,2016-04-30,1,347,353
4445114986,2016-05-01,2,454,459
4445114986,2016-05-02,1,537,542
4445114986,2016-05-03,2,448,450
4445114986,2016-05-04,2,355,363
4445114986,2016-05-05,2,504,513
4445114986,2016-05-06,2,397,402
4445114986,2016-05-07,2,425,436
4445114986,2016-05-08,1,387,391
4445114986,2016-05-09,1,517,533
4445114986,2016-05-10,1,419,426
4445114986,2016-05-11,1,526,530
4445114986,2016-05-12,1,496,501
4558609924,2016-03-30,2,101,101
4558609924,2016-03-31,1,191,191
4558609924,2016-04-02,1,87,87
4558609924,2016-04-03,1,277,277
4558609924,2016-04-21,1,132,137
4558609924,2016-04-25,1,78,79
4558609924,2016-04-26,1,40,42
4558609924,2016-04-28,1,75,76
4558609924,2016-04-29,1,103,103
4558609924,2016-05-01,1,125,129
4558609924,2016-05-07,1,52,52
4558609924,2016-05-08,1,82,82
4702921684,2016-03-11,1,122,124
4702921684,2016-03-12,2,476,478
4702921684,2016-03-13,2,288,288
4702921684,2016-03-14,2,456,457
4702921684,2016-03-15,2,467,467
4702921684,2016-03-16,2,487,488
4702921684,2016-03-17,2,461,464
4702921684,2016-03-18,1,364,364
4702921684,2016-03-21,1,102,102
4702921684,2016-03-22,2,455,458
4702921684,2016-03-23,2,465,466
4702921684,2016-03-24,2,456,460
4702921684,2016-03-25,2,484,487
4702921684,2016-03-26,2,418,418
4702921684,2016-03-27,4,597,598
4702921684,2016-03-28,2,426,426
4702921684,2016-03-29,2,427,430
4702921684,2016-03-30,2,443,455
4702921684,2016-03-31,2,425,425
4702921684,2016-04-01,2,470,475
4702921684,2016-04-02,2,565,566
4702921684,2016-04-03,2,586,586
4702921684,2016-04-04,2,444,444
4702921684,2016-04-05,2,437,440
4702921684,2016-04-06,2,465,475
4702921684,2016-04-07,2,460,460
4702921684,2016-04-08,1,370,370
4702921684,2016-04-09,2,536,588
4702921684,2016-04-10,3,551,555
4702921684,2016-04-11,3,385,385
4702921684,2016-04-12,2,458,458
4702921684,2016-04-13,3,402,405
4702921684,2016-04-14,2,396,396
4702921684,2016-04-15,1,231,231
4702921684,2016-04-16,3,520,522
4702921684,2016-04-17,2,620,623
4702921684,2016-04-18,2,307,307
4702921684,2016-04-19,2,486,486
4702921684,2016-04-20,2,431,431
4702921684,2016-04-21,1,350,350
4702921684,2016-04-22,1,27,27
4702921684,2016-04-23,2,487,487
4702921684,2016-04-24,2,507,507
4702921684,2016-04-25,2,418,419
4702921684,2016-04-26,2,449,450
4702921684,2016-04-27,2,452,452
4702921684,2016-04-28,2,446,447
4702921684,2016-04-29,2,450,450
4702921684,2016-04-30,1,409,409
4702921684,2016-05-02,1,68,69
4702921684,2016-05-03,2,391,398
4702921684,2016-05-04,2,409,412
4702921684,2016-05-05,2,438,441
4702921684,2016-05-06,2,697,704
4702921684,2016-05-07,1,746,746
4702921684,2016-05-08,1,94,95
4702921684,2016-05-09,2,429,429
4702921684,2016-05-10,2,435,439
4702921684,2016-05-11,2,368,370
4702921684,2016-05-12,1,364,364
5553957443,2016-03-12,3,756,760
5553957443,2016-03-13,3,825,833
5553957443,2016-03-14,2,312,313
5553957443,2016-03-15,2,419,429
5553957443,2016-03-16,1,360,365
5553957443,2016-03-17,2,333,336
5553957443,2016-03-18,1,110,115
5553957443,2016-03-21,1,149,154
5553957443,2016-03-22,1,571,575
5553957443,2016-03-23,1,290,297
5553957443,2016-03-24,1,410,418
5553957443,2016-03-25,1,669,675
5553957443,2016-03-26,3,376,377
5553957443,2016-03-27,4,733,752
5553957443,2016-03-28,2,680,688
5553957443,2016-03-29,1,355,358
5553957443,2016-03-30,2,402,407
5553957443,2016-03-31,2,390,395
5553957443,2016-04-01,1,359,360
5553957443,2016-04-02,2,895,903
5553957443,2016-04-03,2,831,840
5553957443,2016-04-04,2,451,453
5553957443,2016-04-05,2,377,383
5553957443,2016-04-06,2,404,405
5553957443,2016-04-07,2,374,376
5553957443,2016-04-08,1,414,417
5553957443,2016-04-09,2,678,686
5553957443,2016-04-10,2,696,709
5553957443,2016-04-11,2,556,559
5553957443,2016-04-12,1,724,728
5553957443,2016-04-13,3,562,567
5553957443,2016-04-14,2,382,388
5553957443,2016-04-15,2,415,415
5553957443,2016-04-16,2,630,631
5553957443,2016-04-17,2,450,451
5553957443,2016-04-18,3,610,612
5553957443,2016-04-19,2,330,338
5553957443,2016-04-20,2,690,694
5553957443,2016-04-21,2,367,372
5553957443,2016-04-22,1,347,348
5553957443,2016-04-23,2,711,725
5553957443,2016-04-24,3,746,754
5553957443,2016-04-25,2,442,445
5553957443,2016-04-26,2,394,394
5553957443,2016-04-27,2,454,456
5553957443,2016-04-28,2,485,485
5553957443,2016-04-29,2,389,399
5553957443,2016-04-30,3,840,850
5553957443,2016-05-01,3,741,767
5553957443,2016-05-02,2,456,457
5553957443,2016-05-03,1,324,326
5553957443,2016-05-04,2,561,565
5553957443,2016-05-05,2,429,434
5553957443,2016-05-06,2,413,420
5553957443,2016-05-07,2,441,442
5553957443,2016-05-08,2,709,714
5553957443,2016-05-09,2,431,441
5553957443,2016-05-10,1,359,367
5553957443,2016-05-11,2,616,617
5553957443,2016-05-12,1,341,344
5577150313,2016-03-11,1,161,161
5577150313,2016-03-12,3,554,562
5577150313,2016-03-13,2,441,444
5577150313,2016-03-14,2,373,373
5577150313,2016-03-15,3,495,503
5577150313,2016-03-16,3,463,466
5577150313,2016-03-17,2,453,457
5577150313,2016-03-18,2,435,438
5577150313,2016-03-19,3,381,382
5577150313,2016-03-20,3,651,655
5577150313,2016-03-21,1,410,415
5577150313,2016-03-22,1,105,109
5577150313,2016-03-23,3,555,561
5577150313,2016-03-24,2,410,414
5577150313,2016-03-25,3,441,441
5577150313,2016-03-26,3,468,471
5577150313,2016-03-27,2,345,346
5577150313,2016-03-28,3,510,517
5577150313,2016-03-29,2,474,478
5577150313,2016-03-30,3,447,449
5577150313,2016-03-31,2,454,456
5577150313,2016-04-01,2,446,447
5577150313,2016-04-02,3,380,385
5577150313,2016-04-03,2,409,415
5577150313,2016-04-04,2,451,458
5577150313,2016-04-05,3,409,414
5577150313,2016-04-06,2,414,420
5577150313,2016-04-07,2,490,496
5577150313,2016-04-08,2,461,461
5577150313,2016-04-09,4,514,516
5577150313,2016-04-10,2,438,442
5577150313,2016-04-11,2,408,412
5577150313,2016-04-12,2,468,470
5577150313,2016-04-13,2,489,494
5577150313,2016-04-14,2,451,454
5577150313,2016-04-15,2,373,376
5577150313,2016-04-16,2,550,570
5577150313,2016-04-17,2,512,519
5577150313,2016-04-18,2,541,541
5577150313,2016-04-19,2,463,465
5577150313,2016-04-20,2,448,451
5577150313,2016-04-21,2,407,410
5577150313,2016-04-22,2,316,325
5577150313,2016-04-23,2,540,542
5577150313,2016-04-24,2,581,598
5577150313,2016-04-25,2,382,384
5577150313,2016-04-26,2,427,430
5577150313,2016-04-27,2,398,398
5577150313,2016-04-28,2,457,457
5577150313,2016-04-29,2,400,403
5577150313,2016-04-30,2,401,404
5577150313,2016-05-01,2,497,497
5577150313,2016-05-02,2,407,416
5577150313,2016-05-03,1,542,543
5577150313,2016-05-04,1,630,634
5577150313,2016-05-05,1,75,78
5577150313,2016-05-09,1,205,226
5577150313,2016-05-10,2,461,466
5577150313,2016-05-11,1,344,346
6117666160,2016-03-11,1,78,78
6117666160,2016-03-12,3,663,668
6117666160,2016-03-13,1,120,120
6117666160,2016-03-14,2,667,670
6117666160,2016-03-15,2,499,501
6117666160,2016-03-16,6,648,655
6117666160,2016-03-17,2,651,653
6117666160,2016-03-18,3,649,654
6117666160,2016-03-19,4,637,644
6117666160,2016-03-20,2,550,551
6117666160,2016-03-21,2,509,509
6117666160,2016-03-22,1,402,404
6117666160,2016-03-23,3,530,542
6117666160,2016-03-24,3,740,790
6117666160,2016-03-25,1,523,523
6117666160,2016-03-26,3,461,467
6117666160,2016-03-27,2,515,515
6117666160,2016-03-28,1,33,33
6117666160,2016-03-29,2,571,573
6117666160,2016-03-30,2,106,106
6117666160,2016-03-31,3,609,609
6117666160,2016-04-01,3,575,586
6117666160,2016-04-02,1,466,466
6117666160,2016-04-05,2,64,66
6117666160,2016-04-06,2,554,561
6117666160,2016-04-07,1,514,514
6117666160,2016-04-09,3,464,467
6117666160,2016-04-16,1,397,398
6117666160,2016-04-17,3,426,426
6117666160,2016-04-18,3,436,440
6117666160,2016-04-19,2,532,534
6117666160,2016-04-20,2,467,467
6117666160,2016-04-21,1,532,537
6117666160,2016-04-22,2,604,625
6117666160,2016-04-23,1,446,460
6117666160,2016-04-24,1,366,367
6117666160,2016-04-26,1,3,4
6117666160,2016-04-27,2,565,565
6117666160,2016-04-28,2,534,541
6117666160,2016-04-29,1,498,499
6117666160,2016-04-30,1,56,57
6117666160,2016-05-01,1,495,518
6117666160,2016-05-04,1,5,5
6117666160,2016-05-05,2,469,474
6117666160,2016-05-06,2,630,634
6117666160,2016-05-07,3,568,572
6117666160,2016-05-08,2,592,605
6117666160,2016-05-09,1,451,455
6775888955,2016-03-11,1,75,75
6775888955,2016-03-12,1,437,438
6775888955,2016-03-13,1,38,39
6775888955,2016-03-14,1,630,643
6775888955,2016-03-15,1,122,122
6775888955,2016-03-18,1,299,300
6775888955,2016-03-19,1,403,403
6775888955,2016-03-21,1,395,405
6775888955,2016-03-25,1,53,69
6775888955,2016-03-26,1,359,359
6775888955,2016-03-27,1,404,407
6775888955,2016-03-28,3,500,504
6775888955,2016-03-31,1,302,307
6775888955,2016-04-01,1,13,13
6775888955,2016-04-02,1,446,452
6775888955,2016-04-06,2,465,467
6775888955,2016-04-07,3,289,291
6775888955,2016-04-13,2,254,267
6775888955,2016-04-14,1,434,434
6775888955,2016-04-15,1,402,406
6962181067,2016-03-11,1,31,31
6962181067,2016-03-12,2,533,533
6962181067,2016-03-13,2,494,497
6962181067,2016-03-14,2,458,461
6962181067,2016-03-15,2,381,389
6962181067,2016-03-16,1,354,354
6962181067,2016-03-17,2,395,395
6962181067,2016-03-18,1,449,454
6962181067,2016-03-19,2,499,499
6962181067,2016-03-20,2,467,467
6962181067,2016-03-21,1,434,434
6962181067,2016-03-22,3,545,550
6962181067,2016-03-23,2,568,568
6962181067,2016-03-24,2,472,474
6962181067,2016-03-25,1,525,528
6962181067,2016-03-26,1,485,487
6962181067,2016-03-27,2,549,552
6962181067,2016-03-28,3,535,538
6962181067,2016-03-29,1,399,399
6962181067,2016-03-30,2,431,432
6962181067,2016-03-31,3,527,529
6962181067,2016-04-01,1,532,532
6962181067,2016-04-02,1,414,415
6962181067,2016-04-03,2,563,568
6962181067,2016-04-04,1,395,399
6962181067,2016-04-05,2,398,406
6962181067,2016-04-06,2,500,502
6962181067,2016-04-07,2,430,430
6962181067,2016-04-08,1,403,403
6962181067,2016-04-09,2,451,455
6962181067,2016-04-10,2,429,429
6962181067,2016-04-11,1,406,406
6962181067,2016-04-12,2,772,778
6962181067,2016-04-13,4,707,718
6962181067,2016-04-14,2,490,492
6962181067,2016-04-15,1,384,386
6962181067,2016-04-16,1,362,366
6962181067,2016-04-17,2,490,493
6962181067,2016-04-18,2,454,458
6962181067,2016-04-19,2,506,510
6962181067,2016-04-20,2,452,452
6962181067,2016-04-21,2,438,438
6962181067,2016-04-22,2,475,478
6962181067,2016-04-23,1,472,472
6962181067,2016-04-24,2,520,521
6962181067,2016-04-25,2,452,455
6962181067,2016-04-26,2,462,463
6962181067,2016-04-27,2,419,419
6962181067,2016-04-28,2,483,485
6962181067,2016-04-29,1,399,399
6962181067,2016-04-30,1,424,424
6962181067,2016-05-01,2,500,503
6962181067,2016-05-02,2,410,415
6962181067,2016-05-03,2,458,462
6962181067,2016-05-04,2,420,422
6962181067,2016-05-05,2,502,508
6962181067,2016-05-06,1,424,424
6962181067,2016-05-07,2,356,367
6962181067,2016-05-08,2,560,566
6962181067,2016-05-09,2,538,538
6962181067,2016-05-10,2,441,443
6962181067,2016-05-11,2,499,501
6962181067,2016-05-12,1,479,481
7007744171,2016-03-14,1,88,88
7007744171,2016-03-24,1,67,67
7007744171,2016-03-26,1,63,64
7007744171,2016-03-30,1,64,64
7007744171,2016-04-02,1,67,69
7007744171,2016-04-03,1,73,73
7007744171,2016-04-05,1,70,70
7007744171,2016-04-07,1,66,66
7007744171,2016-04-16,1,82,82
7007744171,2016-05-01,1,61,61
7086361926,2016-03-12,2,566,567
7086361926,2016-03-13,1,22,23
7086361926,2016-03-14,2,427,428
7086361926,2016-03-15,1,397,399
7086361926,2016-03-16,2,411,412
7086361926,2016-03-17,1,414,415
7086361926,2016-03-20,1,466,466
7086361926,2016-03-21,1,534,535
7086361926,2016-03-23,1,453,459
7086361926,2016-03-25,1,286,288
7086361926,2016-03-26,1,327,329
7086361926,2016-03-27,1,68,69
7086361926,2016-03-28,1,236,238
7086361926,2016-03-29,2,516,522
7086361926,2016-03-30,3,649,658
7086361926,2016-03-31,3,654,662
7086361926,2016-04-01,2,438,441
7086361926,2016-04-02,1,566,566
7086361926,2016-04-05,1,91,91
7086361926,2016-04-06,2,468,469
7086361926,2016-04-07,2,512,512
7086361926,2016-04-08,1,405,405
7086361926,2016-04-09,1,483,487
7086361926,2016-04-10,1,45,45
7086361926,2016-04-11,2,614,614
7086361926,2016-04-12,2,887,892
7086361926,2016-04-13,2,484,484
7086361926,2016-04-14,1,397,397
7086361926,2016-04-15,1,385,386
7086361926,2016-04-18,1,78,78
7086361926,2016-04-19,2,509,509
7086361926,2016-04-20,1,398,398
7086361926,2016-04-21,2,437,451
7086361926,2016-04-22,1,408,408
7086361926,2016-04-24,2,749,749
7086361926,2016-04-25,2,497,497
7086361926,2016-04-26,2,479,479
7086361926,2016-04-27,1,405,405
7086361926,2016-04-28,1,363,367
7086361926,2016-04-30,1,487,489
7086361926,2016-05-01,2,442,452
7086361926,2016-05-02,2,472,472
7086361926,2016-05-03,2,434,434
7086361926,2016-05-04,1,405,405
7086361926,2016-05-06,1,332,333
7086361926,2016-05-07,1,547,548
7086361926,2016-05-08,2,530,539
7086361926,2016-05-09,1,409,409
7086361926,2016-05-10,1,57,57
7086361926,2016-05-11,2,456,457
7086361926,2016-05-12,1,406,406
8053475328,2016-03-29,1,499,501
8053475328,2016-04-20,1,490,493
8053475328,2016-04-23,1,332,337
8053475328,2016-05-07,1,74,75
8378563200,2016-03-11,1,112,112
8378563200,2016-03-12,3,660,672
8378563200,2016-03-13,3,558,560
8378563200,2016-03-14,2,361,365
8378563200,2016-03-15,2,375,377
8378563200,2016-03-16,1,401,404
8378563200,2016-03-17,2,419,422
8378563200,2016-03-18,3,594,599
8378563200,2016-03-19,2,515,516
8378563200,2016-03-20,1,471,473
8378563200,2016-03-21,2,437,441
8378563200,2016-03-22,3,467,477
8378563200,2016-03-23,2,376,382
8378563200,2016-03-24,2,443,451
8378563200,2016-03-25,2,278,278
8378563200,2016-03-26,4,670,681
8378563200,2016-03-27,2,587,593
8378563200,2016-03-28,2,453,455
8378563200,2016-03-29,2,339,349
8378563200,2016-03-30,3,592,606
8378563200,2016-03-31,3,452,458
8378563200,2016-04-01,3,428,432
8378563200,2016-04-02,4,632,639
8378563200,2016-04-03,2,553,558
8378563200,2016-04-04,2,441,441
8378563200,2016-04-05,3,433,437
8378563200,2016-04-06,3,417,421
8378563200,2016-04-07,4,487,495
8378563200,2016-04-08,2,323,323
8378563200,2016-04-09,3,482,487
8378563200,2016-04-10,3,594,596
8378563200,2016-04-11,2,454,457
8378563200,2016-04-12,2,732,736
8378563200,2016-04-13,3,457,461
8378563200,2016-04-14,2,418,423
8378563200,2016-04-15,2,435,438
8378563200,2016-04-16,3,640,650
8378563200,2016-04-17,3,740,748
8378563200,2016-04-18,2,415,419
8378563200,2016-04-19,2,405,410
8378563200,2016-04-20,2,417,418
8378563200,2016-04-21,2,461,465
8378563200,2016-04-22,2,383,387
8378563200,2016-04-23,2,529,535
8378563200,2016-04-24,2,565,571
8378563200,2016-04-25,2,473,473
8378563200,2016-04-26,2,564,578
8378563200,2016-04-27,2,559,564
8378563200,2016-04-28,2,564,569
8378563200,2016-04-29,2,488,491
8378563200,2016-04-30,2,518,539
8378563200,2016-05-01,2,551,562
8378563200,2016-05-02,2,429,429
8378563200,2016-05-03,2,327,332
8378563200,2016-05-04,2,552,564
8378563200,2016-05-05,2,382,393
8378563200,2016-05-06,2,360,364
8378563200,2016-05-07,3,417,431
8378563200,2016-05-08,2,672,680
8378563200,2016-05-09,2,400,412
8378563200,2016-05-10,2,370,371
8378563200,2016-05-11,2,406,410
8378563200,2016-05-12,1,392,395
8792009665,2016-03-27,1,415,420
8792009665,2016-03-28,1,404,407
8792009665,2016-03-29,1,202,205
8792009665,2016-03-30,2,457,459
8792009665,2016-04-01,2,498,504
8792009665,2016-04-03,1,508,517
8792009665,2016-04-04,2,589,595
8792009665,2016-04-05,1,403,414
8792009665,2016-04-06,1,455,463
8792009665,2016-04-07,1,469,475
8792009665,2016-04-08,2,439,447
8792009665,2016-04-09,3,635,638
8792009665,2016-04-12,1,490,493
8792009665,2016-04-13,1,549,552
8792009665,2016-04-14,1,503,503
8792009665,2016-04-15,1,376,377
8792009665,2016-04-20,1,543,547
8792009665,2016-04-22,1,403,407
8792009665,2016-04-23,1,359,360
8792009665,2016-04-27,1,428,428
8792009665,2016-04-28,1,413,416
8792009665,2016-04-29,1,404,406
8792009665,2016-04-30,1,358,360
8792009665,2016-05-01,1,527,527
8792009665,2016-05-02,1,423,423
8792009665,2016-05-03,1,543,545
8792009665,2016-05-04,1,461,463
